#SIMILARITY
#
# Version: August 29, 1994
#
# MODELLER 1.0
#
# Reference: Johnson & Overington, JMB 233, 716-738, 1993.
#
#
ACDEFGHIKLMNPQRSTVWY
  390  290  250  270  150  290  230  230  250  210  230  250  280  260  240  320  300  270   80  150
  290  860  100  110  230  160  200  210  120  190  220  180  110  140  150  270  240  270  220  240
  250  100  510  410   40  270  290   70  290   60  110  380  230  310  250  290  270  120    0  120
  270  110  410  450   70  230  290  130  330  120  160  310  240  360  290  280  260  170   50  130
  150  230   40   70  630    0  260  320  100  370  350  110   70  130  100  120  150  270  450  530
  290  160  270  230    0  610  200   40  210   40   90  290  180  220  220  290  210  100   60   60
  230  200  290  290  260  200  580  150  300  170  200  330  210  330  300  260  250  160  230  380
  230  210   70  130  320   40  150  470  160  410  400  120  130  170  140  180  240  430  180  230
  250  120  290  330  100  210  300  160  430  160  200  310  240  340  410  270  270  180   90  160
  210  190   60  120  370   40  170  410  160  470  410  110  150  180  150  160  200  360  230  270
  230  220  110  160  350   90  200  400  200  410  490  150  140  220  180  200  240  350  220  260
  250  180  380  310  110  290  330  120  310  110  150  460  220  300  280  310  290  150   80  200
  280  110  230  240   70  180  210  130  240  150  140  220  660  260  220  290  270  180   10  110
  260  140  310  360  130  220  330  170  340  180  220  300  260  410  340  280  270  190  130  180
  240  150  250  290  100  220  300  140  410  150  180  280  220  340  510  260  260  160  180  180
  320  270  290  280  120  290  260  180  270  160  200  310  290  280  260  380  340  220  100  170
  300  240  270  260  150  210  250  240  270  200  240  290  270  270  260  340  400  270   90  170
  270  270  120  170  270  100  160  430  180  360  350  150  180  190  160  220  270  440  130  210
   80  220    0   50  450   60  230  180   90  230  220   80   10  130  180  100   90  130 1000  480
  150  240  120  130  530   60  380  230  160  270  260  200  110  180  180  170  170  210  480  670
