#DISTANCE
#
#
# Version: August 13, 1993
#
# LIBRARY OF RESIDUE-RESIDUE WEIGHTS
#
# MODELLER 1.1, Copyright Andrej Sali
#
#
# Residue by residue (20 x 20) difference matrix (A. Sali) - from COMPARER (1990)
#
ACDEFGHIKLMNPQRSTVWY-
  .000 1.115  .822  .541 1.146 1.017  .649 1.219  .739 1.025  .839  .703 1.218  .578  .803  .630  .635 1.175 1.522 1.249 2.000
 1.115  .000 1.383  .922  .592 1.720  .722  .913  .946  .822  .613 1.235 1.622  .931  .783 1.352 1.054 1.035  .690  .673 2.000
  .822 1.383  .000  .546 1.506  .834  .920 1.756  .630 1.504 1.383  .196  .622  .575  .748  .400  .849 1.760 1.697 1.446 2.000
  .541  .922  .546  .000  .985 1.124  .390 1.263  .235 1.020  .856  .407  .946  .078  .324  .556  .489 1.281 1.231 1.003 2.000
 1.146  .592 1.506  .985  .000 1.974  .717  .521  .942  .430  .450 1.351 1.678  .955  .878 1.464  .914  .646  .467  .521 2.000
 1.017 1.720  .834 1.124 1.974  .000 1.412 2.087 1.323 1.904 1.743  .899 1.150 1.191 1.374  .691 1.318 2.067 2.227 1.878 2.000
  .649  .722  .920  .390  .717 1.412  .000 1.049  .420  .852  .597  .794 1.307  .379  .367  .850  .507 1.085 1.007  .795 2.000
 1.219  .913 1.756 1.263  .521 2.087 1.049  .000 1.281  .312  .580 1.593 1.873 1.244 1.264 1.652 1.099  .174  .880  .835 2.000
  .739  .946  .630  .235  .942 1.323  .420 1.281  .000 1.021  .890  .503  .957  .170  .228  .732  .555 1.313 1.134  .979 2.000
 1.025  .822 1.504 1.020  .430 1.904  .852  .312 1.021  .000  .441 1.333 1.615  .993 1.020 1.447  .920  .352  .818  .803 2.000
  .839  .613 1.383  .856  .450 1.743  .597  .580  .890  .441  .000 1.215 1.655  .844  .823 1.302  .870  .623  .870  .830 2.000
  .703 1.235  .196  .407 1.351  .899  .794 1.593  .503 1.333 1.215  .000  .649  .436  .616  .450  .769 1.599 1.554 1.336 2.000
 1.218 1.622  .622  .946 1.678 1.150 1.307 1.873  .957 1.615 1.655  .649  .000  .948 1.102  .878 1.111 1.880 1.795 1.579 2.000
  .578  .931  .575  .078  .955 1.191  .379 1.244  .170  .993  .844  .436  .948  .000  .299  .608  .476 1.262 1.198  .988 2.000
  .803  .783  .748  .324  .878 1.374  .367 1.264  .228 1.020  .823  .616 1.102  .299  .000  .840  .685 1.317 1.036  .931 2.000
  .630 1.352  .400  .556 1.464  .691  .850 1.652  .732 1.447 1.302  .450  .878  .608  .840  .000  .689 1.639 1.724 1.366 2.000
  .635 1.054  .849  .489  .914 1.318  .507 1.099  .555  .920  .870  .769 1.111  .476  .685  .689  .000 1.092 1.222  .840 2.000
 1.175 1.035 1.760 1.281  .646 2.067 1.085  .174 1.313  .352  .623 1.599 1.880 1.262 1.317 1.639 1.092  .000 1.035  .952 2.000
 1.522  .690 1.697 1.231  .467 2.227 1.007  .880 1.134  .818  .870 1.554 1.795 1.198 1.036 1.724 1.222 1.035  .000  .588 2.000
 1.249  .673 1.446 1.003  .521 1.878  .795  .835  .979  .803  .830 1.336 1.579  .988  .931 1.366  .840  .952  .588  .000 2.000
 2.000 2.000 2.000 2.000 2.000 2.000 2.000 2.000 2.000 2.000 2.000 2.000 2.000 2.000 2.000 2.000 2.000 2.000 2.000 2.000 0.000 
